{
 "cells": [
  {
   "cell_type": "markdown",
   "metadata": {},
   "source": [
    "### Imports"
   ]
  },
  {
   "cell_type": "code",
   "execution_count": 1,
   "metadata": {},
   "outputs": [],
   "source": [
    "import pandas as pd \n",
    "import numpy as np\n",
    "import math\n",
    "import matplotlib.pyplot as plt\n",
    "from sklearn.naive_bayes import GaussianNB, CategoricalNB"
   ]
  },
  {
   "cell_type": "markdown",
   "metadata": {},
   "source": [
    "### Import data"
   ]
  },
  {
   "cell_type": "code",
   "execution_count": 2,
   "metadata": {},
   "outputs": [
    {
     "data": {
      "text/html": [
       "<div>\n",
       "<style scoped>\n",
       "    .dataframe tbody tr th:only-of-type {\n",
       "        vertical-align: middle;\n",
       "    }\n",
       "\n",
       "    .dataframe tbody tr th {\n",
       "        vertical-align: top;\n",
       "    }\n",
       "\n",
       "    .dataframe thead th {\n",
       "        text-align: right;\n",
       "    }\n",
       "</style>\n",
       "<table border=\"1\" class=\"dataframe\">\n",
       "  <thead>\n",
       "    <tr style=\"text-align: right;\">\n",
       "      <th></th>\n",
       "      <th>battery_power</th>\n",
       "      <th>blue</th>\n",
       "      <th>clock_speed</th>\n",
       "      <th>dual_sim</th>\n",
       "      <th>fc</th>\n",
       "      <th>four_g</th>\n",
       "      <th>int_memory</th>\n",
       "      <th>m_dep</th>\n",
       "      <th>mobile_wt</th>\n",
       "      <th>n_cores</th>\n",
       "      <th>...</th>\n",
       "      <th>px_height</th>\n",
       "      <th>px_width</th>\n",
       "      <th>ram</th>\n",
       "      <th>sc_h</th>\n",
       "      <th>sc_w</th>\n",
       "      <th>talk_time</th>\n",
       "      <th>three_g</th>\n",
       "      <th>touch_screen</th>\n",
       "      <th>wifi</th>\n",
       "      <th>price_range</th>\n",
       "    </tr>\n",
       "  </thead>\n",
       "  <tbody>\n",
       "    <tr>\n",
       "      <th>0</th>\n",
       "      <td>842</td>\n",
       "      <td>0</td>\n",
       "      <td>2.2</td>\n",
       "      <td>0</td>\n",
       "      <td>1</td>\n",
       "      <td>0</td>\n",
       "      <td>7</td>\n",
       "      <td>0.6</td>\n",
       "      <td>188</td>\n",
       "      <td>2</td>\n",
       "      <td>...</td>\n",
       "      <td>20</td>\n",
       "      <td>756</td>\n",
       "      <td>2549</td>\n",
       "      <td>9</td>\n",
       "      <td>7</td>\n",
       "      <td>19</td>\n",
       "      <td>0</td>\n",
       "      <td>0</td>\n",
       "      <td>1</td>\n",
       "      <td>1</td>\n",
       "    </tr>\n",
       "    <tr>\n",
       "      <th>1</th>\n",
       "      <td>563</td>\n",
       "      <td>1</td>\n",
       "      <td>0.5</td>\n",
       "      <td>1</td>\n",
       "      <td>2</td>\n",
       "      <td>1</td>\n",
       "      <td>41</td>\n",
       "      <td>0.9</td>\n",
       "      <td>145</td>\n",
       "      <td>5</td>\n",
       "      <td>...</td>\n",
       "      <td>1263</td>\n",
       "      <td>1716</td>\n",
       "      <td>2603</td>\n",
       "      <td>11</td>\n",
       "      <td>2</td>\n",
       "      <td>9</td>\n",
       "      <td>1</td>\n",
       "      <td>1</td>\n",
       "      <td>0</td>\n",
       "      <td>2</td>\n",
       "    </tr>\n",
       "    <tr>\n",
       "      <th>2</th>\n",
       "      <td>769</td>\n",
       "      <td>1</td>\n",
       "      <td>2.9</td>\n",
       "      <td>1</td>\n",
       "      <td>0</td>\n",
       "      <td>0</td>\n",
       "      <td>9</td>\n",
       "      <td>0.1</td>\n",
       "      <td>182</td>\n",
       "      <td>5</td>\n",
       "      <td>...</td>\n",
       "      <td>248</td>\n",
       "      <td>874</td>\n",
       "      <td>3946</td>\n",
       "      <td>5</td>\n",
       "      <td>2</td>\n",
       "      <td>7</td>\n",
       "      <td>0</td>\n",
       "      <td>0</td>\n",
       "      <td>0</td>\n",
       "      <td>3</td>\n",
       "    </tr>\n",
       "    <tr>\n",
       "      <th>3</th>\n",
       "      <td>775</td>\n",
       "      <td>0</td>\n",
       "      <td>1.0</td>\n",
       "      <td>0</td>\n",
       "      <td>3</td>\n",
       "      <td>0</td>\n",
       "      <td>46</td>\n",
       "      <td>0.7</td>\n",
       "      <td>159</td>\n",
       "      <td>2</td>\n",
       "      <td>...</td>\n",
       "      <td>862</td>\n",
       "      <td>1864</td>\n",
       "      <td>568</td>\n",
       "      <td>17</td>\n",
       "      <td>15</td>\n",
       "      <td>11</td>\n",
       "      <td>1</td>\n",
       "      <td>1</td>\n",
       "      <td>1</td>\n",
       "      <td>0</td>\n",
       "    </tr>\n",
       "    <tr>\n",
       "      <th>4</th>\n",
       "      <td>595</td>\n",
       "      <td>0</td>\n",
       "      <td>0.9</td>\n",
       "      <td>1</td>\n",
       "      <td>7</td>\n",
       "      <td>1</td>\n",
       "      <td>23</td>\n",
       "      <td>0.1</td>\n",
       "      <td>121</td>\n",
       "      <td>3</td>\n",
       "      <td>...</td>\n",
       "      <td>441</td>\n",
       "      <td>810</td>\n",
       "      <td>3752</td>\n",
       "      <td>10</td>\n",
       "      <td>2</td>\n",
       "      <td>18</td>\n",
       "      <td>1</td>\n",
       "      <td>1</td>\n",
       "      <td>0</td>\n",
       "      <td>3</td>\n",
       "    </tr>\n",
       "  </tbody>\n",
       "</table>\n",
       "<p>5 rows × 21 columns</p>\n",
       "</div>"
      ],
      "text/plain": [
       "   battery_power  blue  clock_speed  dual_sim  fc  four_g  int_memory  m_dep  \\\n",
       "0            842     0          2.2         0   1       0           7    0.6   \n",
       "1            563     1          0.5         1   2       1          41    0.9   \n",
       "2            769     1          2.9         1   0       0           9    0.1   \n",
       "3            775     0          1.0         0   3       0          46    0.7   \n",
       "4            595     0          0.9         1   7       1          23    0.1   \n",
       "\n",
       "   mobile_wt  n_cores  ...  px_height  px_width   ram  sc_h  sc_w  talk_time  \\\n",
       "0        188        2  ...         20       756  2549     9     7         19   \n",
       "1        145        5  ...       1263      1716  2603    11     2          9   \n",
       "2        182        5  ...        248       874  3946     5     2          7   \n",
       "3        159        2  ...        862      1864   568    17    15         11   \n",
       "4        121        3  ...        441       810  3752    10     2         18   \n",
       "\n",
       "   three_g  touch_screen  wifi  price_range  \n",
       "0        0             0     1            1  \n",
       "1        1             1     0            2  \n",
       "2        0             0     0            3  \n",
       "3        1             1     1            0  \n",
       "4        1             1     0            3  \n",
       "\n",
       "[5 rows x 21 columns]"
      ]
     },
     "execution_count": 2,
     "metadata": {},
     "output_type": "execute_result"
    }
   ],
   "source": [
    "df_train = pd.read_csv('data/data_train.csv')\n",
    "df_train.head()\n",
    "\n",
    "df_test = pd.read_csv('data/data_validation.csv')\n",
    "df_test.head()"
   ]
  },
  {
   "cell_type": "code",
   "execution_count": 3,
   "metadata": {},
   "outputs": [
    {
     "data": {
      "text/html": [
       "<div>\n",
       "<style scoped>\n",
       "    .dataframe tbody tr th:only-of-type {\n",
       "        vertical-align: middle;\n",
       "    }\n",
       "\n",
       "    .dataframe tbody tr th {\n",
       "        vertical-align: top;\n",
       "    }\n",
       "\n",
       "    .dataframe thead th {\n",
       "        text-align: right;\n",
       "    }\n",
       "</style>\n",
       "<table border=\"1\" class=\"dataframe\">\n",
       "  <thead>\n",
       "    <tr style=\"text-align: right;\">\n",
       "      <th></th>\n",
       "      <th>battery_power</th>\n",
       "      <th>blue</th>\n",
       "      <th>clock_speed</th>\n",
       "      <th>dual_sim</th>\n",
       "      <th>fc</th>\n",
       "      <th>four_g</th>\n",
       "      <th>int_memory</th>\n",
       "      <th>m_dep</th>\n",
       "      <th>mobile_wt</th>\n",
       "      <th>n_cores</th>\n",
       "      <th>pc</th>\n",
       "      <th>px_height</th>\n",
       "      <th>px_width</th>\n",
       "      <th>ram</th>\n",
       "      <th>sc_h</th>\n",
       "      <th>sc_w</th>\n",
       "      <th>talk_time</th>\n",
       "      <th>three_g</th>\n",
       "      <th>touch_screen</th>\n",
       "      <th>wifi</th>\n",
       "    </tr>\n",
       "  </thead>\n",
       "  <tbody>\n",
       "    <tr>\n",
       "      <th>0</th>\n",
       "      <td>804</td>\n",
       "      <td>1</td>\n",
       "      <td>0.8</td>\n",
       "      <td>1</td>\n",
       "      <td>12</td>\n",
       "      <td>1</td>\n",
       "      <td>41</td>\n",
       "      <td>0.9</td>\n",
       "      <td>89</td>\n",
       "      <td>1</td>\n",
       "      <td>13</td>\n",
       "      <td>709</td>\n",
       "      <td>818</td>\n",
       "      <td>2027</td>\n",
       "      <td>11</td>\n",
       "      <td>5</td>\n",
       "      <td>11</td>\n",
       "      <td>1</td>\n",
       "      <td>0</td>\n",
       "      <td>0</td>\n",
       "    </tr>\n",
       "    <tr>\n",
       "      <th>1</th>\n",
       "      <td>1042</td>\n",
       "      <td>0</td>\n",
       "      <td>2.2</td>\n",
       "      <td>0</td>\n",
       "      <td>15</td>\n",
       "      <td>1</td>\n",
       "      <td>11</td>\n",
       "      <td>0.6</td>\n",
       "      <td>139</td>\n",
       "      <td>5</td>\n",
       "      <td>16</td>\n",
       "      <td>68</td>\n",
       "      <td>1018</td>\n",
       "      <td>2826</td>\n",
       "      <td>18</td>\n",
       "      <td>0</td>\n",
       "      <td>2</td>\n",
       "      <td>1</td>\n",
       "      <td>0</td>\n",
       "      <td>0</td>\n",
       "    </tr>\n",
       "    <tr>\n",
       "      <th>2</th>\n",
       "      <td>1481</td>\n",
       "      <td>1</td>\n",
       "      <td>2.0</td>\n",
       "      <td>1</td>\n",
       "      <td>0</td>\n",
       "      <td>0</td>\n",
       "      <td>35</td>\n",
       "      <td>0.5</td>\n",
       "      <td>105</td>\n",
       "      <td>3</td>\n",
       "      <td>0</td>\n",
       "      <td>249</td>\n",
       "      <td>522</td>\n",
       "      <td>2635</td>\n",
       "      <td>17</td>\n",
       "      <td>16</td>\n",
       "      <td>4</td>\n",
       "      <td>1</td>\n",
       "      <td>0</td>\n",
       "      <td>1</td>\n",
       "    </tr>\n",
       "    <tr>\n",
       "      <th>3</th>\n",
       "      <td>1104</td>\n",
       "      <td>0</td>\n",
       "      <td>1.7</td>\n",
       "      <td>0</td>\n",
       "      <td>1</td>\n",
       "      <td>1</td>\n",
       "      <td>60</td>\n",
       "      <td>0.4</td>\n",
       "      <td>199</td>\n",
       "      <td>2</td>\n",
       "      <td>13</td>\n",
       "      <td>653</td>\n",
       "      <td>1413</td>\n",
       "      <td>1229</td>\n",
       "      <td>6</td>\n",
       "      <td>0</td>\n",
       "      <td>3</td>\n",
       "      <td>1</td>\n",
       "      <td>1</td>\n",
       "      <td>1</td>\n",
       "    </tr>\n",
       "    <tr>\n",
       "      <th>4</th>\n",
       "      <td>652</td>\n",
       "      <td>0</td>\n",
       "      <td>0.5</td>\n",
       "      <td>1</td>\n",
       "      <td>1</td>\n",
       "      <td>0</td>\n",
       "      <td>58</td>\n",
       "      <td>0.6</td>\n",
       "      <td>142</td>\n",
       "      <td>3</td>\n",
       "      <td>2</td>\n",
       "      <td>464</td>\n",
       "      <td>781</td>\n",
       "      <td>565</td>\n",
       "      <td>18</td>\n",
       "      <td>12</td>\n",
       "      <td>9</td>\n",
       "      <td>0</td>\n",
       "      <td>0</td>\n",
       "      <td>1</td>\n",
       "    </tr>\n",
       "    <tr>\n",
       "      <th>...</th>\n",
       "      <td>...</td>\n",
       "      <td>...</td>\n",
       "      <td>...</td>\n",
       "      <td>...</td>\n",
       "      <td>...</td>\n",
       "      <td>...</td>\n",
       "      <td>...</td>\n",
       "      <td>...</td>\n",
       "      <td>...</td>\n",
       "      <td>...</td>\n",
       "      <td>...</td>\n",
       "      <td>...</td>\n",
       "      <td>...</td>\n",
       "      <td>...</td>\n",
       "      <td>...</td>\n",
       "      <td>...</td>\n",
       "      <td>...</td>\n",
       "      <td>...</td>\n",
       "      <td>...</td>\n",
       "      <td>...</td>\n",
       "    </tr>\n",
       "    <tr>\n",
       "      <th>1395</th>\n",
       "      <td>536</td>\n",
       "      <td>1</td>\n",
       "      <td>1.4</td>\n",
       "      <td>0</td>\n",
       "      <td>0</td>\n",
       "      <td>1</td>\n",
       "      <td>53</td>\n",
       "      <td>0.7</td>\n",
       "      <td>135</td>\n",
       "      <td>3</td>\n",
       "      <td>0</td>\n",
       "      <td>547</td>\n",
       "      <td>705</td>\n",
       "      <td>1211</td>\n",
       "      <td>15</td>\n",
       "      <td>10</td>\n",
       "      <td>7</td>\n",
       "      <td>1</td>\n",
       "      <td>0</td>\n",
       "      <td>1</td>\n",
       "    </tr>\n",
       "    <tr>\n",
       "      <th>1396</th>\n",
       "      <td>1097</td>\n",
       "      <td>0</td>\n",
       "      <td>0.8</td>\n",
       "      <td>0</td>\n",
       "      <td>10</td>\n",
       "      <td>1</td>\n",
       "      <td>21</td>\n",
       "      <td>0.1</td>\n",
       "      <td>160</td>\n",
       "      <td>7</td>\n",
       "      <td>15</td>\n",
       "      <td>1277</td>\n",
       "      <td>1352</td>\n",
       "      <td>2219</td>\n",
       "      <td>15</td>\n",
       "      <td>6</td>\n",
       "      <td>12</td>\n",
       "      <td>1</td>\n",
       "      <td>0</td>\n",
       "      <td>1</td>\n",
       "    </tr>\n",
       "    <tr>\n",
       "      <th>1397</th>\n",
       "      <td>1179</td>\n",
       "      <td>1</td>\n",
       "      <td>0.5</td>\n",
       "      <td>0</td>\n",
       "      <td>7</td>\n",
       "      <td>1</td>\n",
       "      <td>32</td>\n",
       "      <td>0.3</td>\n",
       "      <td>182</td>\n",
       "      <td>2</td>\n",
       "      <td>12</td>\n",
       "      <td>85</td>\n",
       "      <td>1451</td>\n",
       "      <td>340</td>\n",
       "      <td>16</td>\n",
       "      <td>5</td>\n",
       "      <td>16</td>\n",
       "      <td>1</td>\n",
       "      <td>0</td>\n",
       "      <td>0</td>\n",
       "    </tr>\n",
       "    <tr>\n",
       "      <th>1398</th>\n",
       "      <td>719</td>\n",
       "      <td>1</td>\n",
       "      <td>0.5</td>\n",
       "      <td>1</td>\n",
       "      <td>0</td>\n",
       "      <td>1</td>\n",
       "      <td>23</td>\n",
       "      <td>0.4</td>\n",
       "      <td>113</td>\n",
       "      <td>6</td>\n",
       "      <td>9</td>\n",
       "      <td>431</td>\n",
       "      <td>1727</td>\n",
       "      <td>3990</td>\n",
       "      <td>14</td>\n",
       "      <td>9</td>\n",
       "      <td>12</td>\n",
       "      <td>1</td>\n",
       "      <td>1</td>\n",
       "      <td>1</td>\n",
       "    </tr>\n",
       "    <tr>\n",
       "      <th>1399</th>\n",
       "      <td>1439</td>\n",
       "      <td>0</td>\n",
       "      <td>0.9</td>\n",
       "      <td>0</td>\n",
       "      <td>12</td>\n",
       "      <td>1</td>\n",
       "      <td>20</td>\n",
       "      <td>0.8</td>\n",
       "      <td>147</td>\n",
       "      <td>1</td>\n",
       "      <td>17</td>\n",
       "      <td>626</td>\n",
       "      <td>932</td>\n",
       "      <td>1790</td>\n",
       "      <td>19</td>\n",
       "      <td>12</td>\n",
       "      <td>15</td>\n",
       "      <td>1</td>\n",
       "      <td>0</td>\n",
       "      <td>1</td>\n",
       "    </tr>\n",
       "  </tbody>\n",
       "</table>\n",
       "<p>1400 rows × 20 columns</p>\n",
       "</div>"
      ],
      "text/plain": [
       "      battery_power  blue  clock_speed  dual_sim  fc  four_g  int_memory  \\\n",
       "0               804     1          0.8         1  12       1          41   \n",
       "1              1042     0          2.2         0  15       1          11   \n",
       "2              1481     1          2.0         1   0       0          35   \n",
       "3              1104     0          1.7         0   1       1          60   \n",
       "4               652     0          0.5         1   1       0          58   \n",
       "...             ...   ...          ...       ...  ..     ...         ...   \n",
       "1395            536     1          1.4         0   0       1          53   \n",
       "1396           1097     0          0.8         0  10       1          21   \n",
       "1397           1179     1          0.5         0   7       1          32   \n",
       "1398            719     1          0.5         1   0       1          23   \n",
       "1399           1439     0          0.9         0  12       1          20   \n",
       "\n",
       "      m_dep  mobile_wt  n_cores  pc  px_height  px_width   ram  sc_h  sc_w  \\\n",
       "0       0.9         89        1  13        709       818  2027    11     5   \n",
       "1       0.6        139        5  16         68      1018  2826    18     0   \n",
       "2       0.5        105        3   0        249       522  2635    17    16   \n",
       "3       0.4        199        2  13        653      1413  1229     6     0   \n",
       "4       0.6        142        3   2        464       781   565    18    12   \n",
       "...     ...        ...      ...  ..        ...       ...   ...   ...   ...   \n",
       "1395    0.7        135        3   0        547       705  1211    15    10   \n",
       "1396    0.1        160        7  15       1277      1352  2219    15     6   \n",
       "1397    0.3        182        2  12         85      1451   340    16     5   \n",
       "1398    0.4        113        6   9        431      1727  3990    14     9   \n",
       "1399    0.8        147        1  17        626       932  1790    19    12   \n",
       "\n",
       "      talk_time  three_g  touch_screen  wifi  \n",
       "0            11        1             0     0  \n",
       "1             2        1             0     0  \n",
       "2             4        1             0     1  \n",
       "3             3        1             1     1  \n",
       "4             9        0             0     1  \n",
       "...         ...      ...           ...   ...  \n",
       "1395          7        1             0     1  \n",
       "1396         12        1             0     1  \n",
       "1397         16        1             0     0  \n",
       "1398         12        1             1     1  \n",
       "1399         15        1             0     1  \n",
       "\n",
       "[1400 rows x 20 columns]"
      ]
     },
     "execution_count": 3,
     "metadata": {},
     "output_type": "execute_result"
    }
   ],
   "source": [
    "x_train = df_train.drop('price_range',axis=1)\n",
    "y_train = df_train['price_range']\n",
    "\n",
    "x_test = df_test.drop('price_range',axis=1)\n",
    "y_test = df_test['price_range']\n",
    "\n",
    "x_train"
   ]
  },
  {
   "cell_type": "markdown",
   "metadata": {},
   "source": [
    "### Find numeric and categorical columns"
   ]
  },
  {
   "cell_type": "code",
   "execution_count": 4,
   "metadata": {},
   "outputs": [],
   "source": [
    "num_columns = [\"battery_power\", \"clock_speed\", \"fc\", \"int_memory\", \"m_dep\", \"mobile_wt\", \"n_cores\", \"pc\", \"px_height\", \"px_width\", \"ram\", \"sc_h\", \"sc_w\", \"talk_time\"]\n",
    "# num_columns = [\"battery_power\", \"clock_speed\", \"fc\", \"int_memory\", \"m_dep\", \"mobile_wt\", \"n_cores\", \"pc\", \"px_height\", \"px_width\", \"ram\", \"sc_h\", \"sc_w\", \"talk_time\", \"price_range\"]\n",
    "non_num_columns = [\"blue\", \"dual_sim\", \"four_g\", \"three_g\", \"touch_screen\", \"wifi\"]\n",
    "\n",
    "numeric_columns = num_columns\n",
    "categorical_columns = non_num_columns"
   ]
  },
  {
   "cell_type": "code",
   "execution_count": 5,
   "metadata": {},
   "outputs": [
    {
     "name": "stdout",
     "output_type": "stream",
     "text": [
      "[[8.29082263e-06 1.18729353e-01 8.67979067e-01 1.32832897e-02]\n",
      " [1.20415848e-06 1.17782338e-01 7.89335982e-01 9.28804753e-02]\n",
      " [1.53538278e-16 2.18237106e-05 2.86258664e-01 7.13719512e-01]\n",
      " ...\n",
      " [6.16201785e-01 3.70220490e-01 1.35777024e-02 2.17156040e-08]\n",
      " [7.87400266e-04 6.48951685e-01 3.46282158e-01 3.97875711e-03]\n",
      " [2.81058603e-16 3.33717539e-05 1.81610542e-01 8.18356086e-01]]\n"
     ]
    },
    {
     "data": {
      "text/plain": [
       "array([2, 2, 3, 0, 3, 1, 3, 0, 3, 1, 3, 2, 3, 0, 3, 0, 2, 1, 0, 2, 3, 1,\n",
       "       0, 1, 1, 1, 2, 2, 0, 2, 2, 3, 3, 0, 2, 3, 2, 3, 1, 1, 0, 3, 0, 2,\n",
       "       2, 1, 1, 2, 1, 3, 1, 2, 3, 0, 1, 3, 2, 3, 3, 2, 2, 3, 3, 1, 3, 2,\n",
       "       2, 2, 2, 3, 2, 3, 1, 0, 1, 2, 0, 3, 1, 0, 3, 3, 0, 2, 3, 1, 3, 3,\n",
       "       0, 2, 1, 1, 1, 2, 1, 1, 3, 2, 1, 3, 3, 3, 1, 2, 3, 2, 3, 2, 3, 3,\n",
       "       3, 3, 2, 2, 3, 2, 0, 3, 1, 3, 1, 2, 2, 3, 3, 1, 2, 2, 1, 3, 3, 1,\n",
       "       0, 0, 3, 0, 0, 1, 3, 0, 1, 3, 3, 1, 2, 3, 1, 2, 1, 2, 3, 1, 0, 2,\n",
       "       1, 0, 3, 0, 0, 3, 3, 3, 0, 2, 3, 0, 1, 1, 0, 2, 3, 1, 0, 1, 1, 1,\n",
       "       3, 0, 2, 0, 3, 1, 1, 2, 0, 2, 0, 3, 2, 0, 3, 2, 0, 1, 2, 0, 1, 3,\n",
       "       3, 1, 2, 2, 2, 3, 2, 3, 3, 3, 0, 2, 0, 2, 3, 1, 2, 3, 2, 0, 0, 2,\n",
       "       2, 2, 3, 3, 0, 2, 0, 3, 0, 2, 2, 2, 2, 1, 3, 0, 1, 3, 3, 3, 0, 0,\n",
       "       1, 1, 3, 3, 2, 2, 0, 2, 1, 2, 2, 3, 0, 2, 2, 1, 1, 2, 0, 3, 2, 3,\n",
       "       3, 0, 1, 3, 3, 0, 0, 2, 1, 1, 1, 0, 3, 2, 2, 2, 0, 1, 0, 1, 1, 1,\n",
       "       0, 0, 3, 0, 3, 0, 1, 0, 1, 3, 2, 2, 0, 2, 1, 0, 0, 1, 2, 2, 0, 3,\n",
       "       1, 1, 0, 2, 3, 1, 3, 1, 3, 1, 2, 2, 0, 0, 2, 1, 2, 1, 0, 1, 1, 0,\n",
       "       2, 2, 3, 2, 2, 3, 3, 0, 1, 0, 1, 2, 0, 2, 2, 2, 2, 3, 1, 2, 3, 0,\n",
       "       2, 1, 3, 3, 2, 3, 2, 0, 3, 0, 0, 3, 2, 0, 3, 2, 1, 2, 1, 0, 1, 2,\n",
       "       1, 3, 0, 0, 2, 1, 0, 2, 1, 0, 3, 2, 3, 3, 1, 0, 0, 3, 1, 0, 3, 0,\n",
       "       0, 2, 0, 3, 1, 0, 1, 1, 1, 2, 0, 1, 1, 3, 3, 1, 2, 2, 3, 1, 1, 2,\n",
       "       2, 2, 0, 1, 3, 0, 0, 1, 0, 0, 0, 3, 1, 1, 2, 0, 0, 2, 1, 0, 3, 2,\n",
       "       1, 0, 2, 0, 2, 1, 2, 1, 2, 0, 1, 2, 0, 2, 0, 3, 0, 0, 1, 2, 1, 1,\n",
       "       3, 2, 1, 2, 3, 0, 2, 2, 0, 2, 2, 2, 0, 1, 2, 0, 2, 0, 1, 3, 0, 0,\n",
       "       3, 0, 2, 2, 3, 3, 1, 3, 3, 0, 1, 2, 1, 3, 1, 0, 3, 1, 3, 3, 1, 2,\n",
       "       3, 0, 3, 3, 1, 2, 0, 3, 0, 2, 2, 0, 2, 3, 0, 3, 0, 2, 3, 3, 0, 2,\n",
       "       1, 2, 3, 3, 3, 1, 2, 0, 3, 2, 3, 2, 2, 3, 1, 1, 0, 0, 3, 0, 2, 1,\n",
       "       1, 3, 2, 1, 1, 3, 0, 3, 0, 0, 3, 3, 3, 1, 2, 2, 0, 2, 0, 1, 0, 2,\n",
       "       0, 2, 0, 0, 2, 3, 0, 1, 2, 1, 0, 1, 2, 0, 1, 3, 0, 2, 1, 1, 0, 1,\n",
       "       3, 1, 3, 0, 1, 3], dtype=int64)"
      ]
     },
     "execution_count": 5,
     "metadata": {},
     "output_type": "execute_result"
    }
   ],
   "source": [
    "# Numeric columns\n",
    "model_gnb = GaussianNB()\n",
    "model_gnb.fit(df_train[numeric_columns], y_train)\n",
    "\n",
    "# Categorical columns\n",
    "model_cnb = CategoricalNB()\n",
    "model_cnb.fit(df_train[categorical_columns], y_train)\n",
    "\n",
    "categorical_posteriors = model_cnb.predict_proba(df_test[categorical_columns])\n",
    "numerical_posteriors   = model_gnb.predict_proba(df_test[numeric_columns])\n",
    "print(numerical_posteriors)\n",
    "\n",
    "combined_probabilities = categorical_posteriors * numerical_posteriors\n",
    "\n",
    "# Get the class with the highest combined probability as the final prediction\n",
    "final_predictions = np.argmax(combined_probabilities, axis=1)\n",
    "final_predictions"
   ]
  },
  {
   "cell_type": "code",
   "execution_count": 6,
   "metadata": {},
   "outputs": [
    {
     "data": {
      "text/plain": [
       "[[8.290007180254369e-06,\n",
       "  0.1187612484858584,\n",
       "  0.8679458252653273,\n",
       "  0.013284636241633972],\n",
       " [1.2043412775530026e-06,\n",
       "  0.11804207985292431,\n",
       "  0.789003917056907,\n",
       "  0.09295279874889115],\n",
       " [1.5365722388113811e-16,\n",
       "  2.179310812277581e-05,\n",
       "  0.28634463276539257,\n",
       "  0.7136335741264845],\n",
       " [0.9493267983824859,\n",
       "  0.050512654412545224,\n",
       "  0.00016054719836237436,\n",
       "  6.606569236727439e-12],\n",
       " [6.595989629580818e-15,\n",
       "  0.00010783359728511466,\n",
       "  0.24925302553800124,\n",
       "  0.7506391408647071],\n",
       " [0.02056201890088499,\n",
       "  0.8249913665279945,\n",
       "  0.1541703340834973,\n",
       "  0.00027628048762314624],\n",
       " [4.271296572513938e-11,\n",
       "  0.0018014901660360421,\n",
       "  0.3135009217170425,\n",
       "  0.6846975880742083],\n",
       " [0.9663147659064715,\n",
       "  0.03355464010781038,\n",
       "  0.00013059398523020816,\n",
       "  4.878523426542618e-13],\n",
       " [7.285244426507208e-13,\n",
       "  0.0004897189930581753,\n",
       "  0.2606130206263885,\n",
       "  0.7388972603798248],\n",
       " [0.0005568721053761683,\n",
       "  0.6482426886961019,\n",
       "  0.3405993062519815,\n",
       "  0.010601132946540264],\n",
       " [6.898394131573126e-10,\n",
       "  0.0064147362765026,\n",
       "  0.38606634812257745,\n",
       "  0.6075189149110806],\n",
       " [3.6064079846663007e-06,\n",
       "  0.18972676416292647,\n",
       "  0.6695787005994406,\n",
       "  0.14069092882964834],\n",
       " [7.470972839497449e-17,\n",
       "  9.381924434563138e-06,\n",
       "  0.031574075049381714,\n",
       "  0.9684165430261837],\n",
       " [0.7402610668837484,\n",
       "  0.2552287787318511,\n",
       "  0.004510150202442981,\n",
       "  4.181957559171759e-09],\n",
       " [1.0087903163037965e-14,\n",
       "  0.00011452558842814183,\n",
       "  0.16993981183676865,\n",
       "  0.8299456625747932],\n",
       " [0.8220572451650224,\n",
       "  0.1756902628592512,\n",
       "  0.0022524914883816707,\n",
       "  4.873447924232058e-10],\n",
       " [1.2557444382648106e-06,\n",
       "  0.1310904890641791,\n",
       "  0.6612495669822936,\n",
       "  0.20765868820908892],\n",
       " [0.0016843558324696863,\n",
       "  0.6902972685870593,\n",
       "  0.3067105566187605,\n",
       "  0.0013078189617102864],\n",
       " [0.8776642549995687,\n",
       "  0.12132836861214384,\n",
       "  0.001007375706998717,\n",
       "  6.81288815449615e-10],\n",
       " [8.195240864710636e-05,\n",
       "  0.3383673411423246,\n",
       "  0.6403464141563252,\n",
       "  0.02120429229270306],\n",
       " [4.3721893602879854e-09,\n",
       "  0.022664199301109172,\n",
       "  0.2797538394907053,\n",
       "  0.6975819568359962],\n",
       " [0.0011497653462343817,\n",
       "  0.7518969555918116,\n",
       "  0.24500262419027835,\n",
       "  0.0019506548716757867],\n",
       " [0.9899308819002367,\n",
       "  0.010045554283198985,\n",
       "  2.35638165280702e-05,\n",
       "  3.6220964499860986e-14],\n",
       " [0.24154855014735171,\n",
       "  0.6982630507427178,\n",
       "  0.0601822372698358,\n",
       "  6.161840094736855e-06],\n",
       " [0.019119538816892837,\n",
       "  0.8741486929692913,\n",
       "  0.10656780056912875,\n",
       "  0.00016396764468721518],\n",
       " [0.30318486205404743,\n",
       "  0.6697404936696799,\n",
       "  0.02707410427163428,\n",
       "  5.400046386422068e-07],\n",
       " [9.803752198675504e-07,\n",
       "  0.09479591183811951,\n",
       "  0.7508093512333919,\n",
       "  0.15439375655326879],\n",
       " [8.949506929505088e-05,\n",
       "  0.22055834933883484,\n",
       "  0.7630389522435075,\n",
       "  0.01631320334836259],\n",
       " [0.7851653402318575,\n",
       "  0.20309432253752566,\n",
       "  0.011740319826333317,\n",
       "  1.7404283527793498e-08],\n",
       " [4.10137983976587e-07,\n",
       "  0.07991886819637316,\n",
       "  0.7421376590090035,\n",
       "  0.17794306265663945],\n",
       " [0.0008393573688134325,\n",
       "  0.4029863550543336,\n",
       "  0.5928776751276853,\n",
       "  0.003296612449167644],\n",
       " [1.4931270890826646e-16,\n",
       "  2.3806666041868904e-05,\n",
       "  0.04549103857689489,\n",
       "  0.9544851547570631],\n",
       " [3.9499161903968855e-16,\n",
       "  1.72162776362773e-05,\n",
       "  0.07442261112373592,\n",
       "  0.9255601725986274],\n",
       " [0.4680831778896801,\n",
       "  0.4700045608696799,\n",
       "  0.06191175158284794,\n",
       "  5.096577920429335e-07],\n",
       " [6.0405884161010006e-05,\n",
       "  0.1928494267518179,\n",
       "  0.7822029018941387,\n",
       "  0.02488726546988249],\n",
       " [5.183007670095694e-14,\n",
       "  0.00013185829883758735,\n",
       "  0.10700391151886073,\n",
       "  0.8928642301822499],\n",
       " [0.0005074695620139511,\n",
       "  0.47578924816776985,\n",
       "  0.5196676830299665,\n",
       "  0.0040355992402497055],\n",
       " [1.83249541891501e-13,\n",
       "  0.00015750204320366703,\n",
       "  0.16937242971840963,\n",
       "  0.8304700682382035],\n",
       " [0.0007868427233547503,\n",
       "  0.5967080307225011,\n",
       "  0.3974035300825248,\n",
       "  0.005101596471619399],\n",
       " [0.14147234362092065,\n",
       "  0.827327971799888,\n",
       "  0.03119580848258936,\n",
       "  3.876096601957256e-06],\n",
       " [0.42706324451352623,\n",
       "  0.5668084732463613,\n",
       "  0.006128261973890223,\n",
       "  2.0266222152535628e-08],\n",
       " [8.387984760239655e-09,\n",
       "  0.01461325397952687,\n",
       "  0.5215795609464252,\n",
       "  0.46380717668606314],\n",
       " [0.961081847401188,\n",
       "  0.03877117671178811,\n",
       "  0.00014697588619898383,\n",
       "  8.250097110582198e-13],\n",
       " [0.0001331107393735259,\n",
       "  0.25067656017250606,\n",
       "  0.7353370556001119,\n",
       "  0.01385327348800845],\n",
       " [7.1613320310075845e-06,\n",
       "  0.173887531466761,\n",
       "  0.6945597396024581,\n",
       "  0.13154556759874989],\n",
       " [0.18763896811624112,\n",
       "  0.8026082612222687,\n",
       "  0.009752372627879705,\n",
       "  3.9803361030796137e-07],\n",
       " [0.010323004965882458,\n",
       "  0.7011521477191648,\n",
       "  0.28818402219374784,\n",
       "  0.00034082512120489904],\n",
       " [3.169652278922982e-11,\n",
       "  0.0017098788845846423,\n",
       "  0.7142111110908391,\n",
       "  0.28407900999287966],\n",
       " [0.0009360359911266585,\n",
       "  0.6486405853476952,\n",
       "  0.34689864196346987,\n",
       "  0.003524736697708394],\n",
       " [1.391113335460817e-16,\n",
       "  2.365303762974552e-05,\n",
       "  0.1197142916796447,\n",
       "  0.8802620552827254],\n",
       " [0.000418394281766956,\n",
       "  0.45733537327380536,\n",
       "  0.5386774021983425,\n",
       "  0.003568830246085207],\n",
       " [5.150030233056504e-08,\n",
       "  0.0303194527704447,\n",
       "  0.7463325492080333,\n",
       "  0.22334794652121967],\n",
       " [6.309785075709801e-15,\n",
       "  3.9163674645918216e-05,\n",
       "  0.07569017258185173,\n",
       "  0.9242706637434961],\n",
       " [0.9225537950961317,\n",
       "  0.07689838786416997,\n",
       "  0.0005478169849304189,\n",
       "  5.4768023744387405e-11],\n",
       " [0.07066045902149896,\n",
       "  0.8281952445223432,\n",
       "  0.1011373638268197,\n",
       "  6.9326293381727336e-06],\n",
       " [8.458391360932236e-17,\n",
       "  1.1788459872011646e-05,\n",
       "  0.03220628982039034,\n",
       "  0.9677819217197376],\n",
       " [1.1864220199434821e-05,\n",
       "  0.2470684907394168,\n",
       "  0.7258020038267475,\n",
       "  0.02711764121363616],\n",
       " [3.355322655700604e-15,\n",
       "  2.6981626812183695e-05,\n",
       "  0.033219346290653595,\n",
       "  0.9667536720825308],\n",
       " [1.7228057493153618e-17,\n",
       "  4.394334726070445e-06,\n",
       "  0.03686236272631697,\n",
       "  0.9631332429389569],\n",
       " [0.0004374120878783449,\n",
       "  0.3302726543665853,\n",
       "  0.6609788718653479,\n",
       "  0.008311061680188327],\n",
       " [0.00019121273710742304,\n",
       "  0.3606466234036534,\n",
       "  0.6256071954402306,\n",
       "  0.013554968419008703],\n",
       " [1.7512231257254715e-14,\n",
       "  3.840696429121455e-05,\n",
       "  0.06377071817978351,\n",
       "  0.9361908748559077],\n",
       " [5.197016346046863e-14,\n",
       "  5.6535268428922936e-05,\n",
       "  0.06465226155815261,\n",
       "  0.9352912031733666],\n",
       " [0.2651643514580771,\n",
       "  0.7238508956909584,\n",
       "  0.010984499257378762,\n",
       "  2.535935858433268e-07],\n",
       " [1.9405481921098066e-18,\n",
       "  1.7940254732780998e-06,\n",
       "  0.006804839984298504,\n",
       "  0.9931933659902282],\n",
       " [1.1287795275115715e-06,\n",
       "  0.06550000899394239,\n",
       "  0.8180567104917943,\n",
       "  0.1164421517347358],\n",
       " [7.30641477648387e-09,\n",
       "  0.009748156658616492,\n",
       "  0.5348973315775248,\n",
       "  0.45535450445744385],\n",
       " [4.7265875952696685e-05,\n",
       "  0.276026707769162,\n",
       "  0.6694591505040819,\n",
       "  0.0544668758508034],\n",
       " [9.023192032143824e-08,\n",
       "  0.08988246295166871,\n",
       "  0.6337353207021337,\n",
       "  0.2763821261142773],\n",
       " [9.92812332318722e-11,\n",
       "  0.003426656954089096,\n",
       "  0.1395416955615651,\n",
       "  0.8570316473850645],\n",
       " [6.156880184178754e-05,\n",
       "  0.3090421632564303,\n",
       "  0.6763316001055737,\n",
       "  0.01456466783615414],\n",
       " [2.729342647892186e-15,\n",
       "  3.787418864917675e-05,\n",
       "  0.09812225700637191,\n",
       "  0.9018398688049761],\n",
       " [0.00784755386406679,\n",
       "  0.6978179698468457,\n",
       "  0.29400792292080674,\n",
       "  0.0003265533682807349],\n",
       " [0.9656647528413064,\n",
       "  0.03421522994188478,\n",
       "  0.00012001721619506265,\n",
       "  6.138857245087149e-13],\n",
       " [0.03328084892046052,\n",
       "  0.8567770579043186,\n",
       "  0.10989899816814389,\n",
       "  4.3095007077139744e-05],\n",
       " [1.0322785767604446e-06,\n",
       "  0.08810803862244966,\n",
       "  0.7866470418569955,\n",
       "  0.12524388724197807],\n",
       " [0.954432964420819,\n",
       "  0.04541099248898433,\n",
       "  0.0001560430877534942,\n",
       "  2.443086663997128e-12],\n",
       " [7.279607427801226e-10,\n",
       "  0.005745584093719238,\n",
       "  0.3137126361770043,\n",
       "  0.6805417790013156],\n",
       " [0.01603630024469296,\n",
       "  0.673863943566513,\n",
       "  0.309970928034994,\n",
       "  0.00012882815379984766],\n",
       " [0.9930692941228885,\n",
       "  0.0069160024363559645,\n",
       "  1.4703440748518311e-05,\n",
       "  7.08659206324423e-15],\n",
       " [5.047716064738555e-14,\n",
       "  8.510112301847876e-05,\n",
       "  0.06776582938597289,\n",
       "  0.9321490694909581],\n",
       " [2.632567574239046e-17,\n",
       "  1.104354001491815e-05,\n",
       "  0.04466099469194267,\n",
       "  0.9553279617680424],\n",
       " [0.7742094018510735,\n",
       "  0.22374741507301996,\n",
       "  0.0020431808588795663,\n",
       "  2.217026931758317e-09],\n",
       " [8.476577095226124e-05,\n",
       "  0.23312207475666422,\n",
       "  0.7513623002455726,\n",
       "  0.01543085922681095],\n",
       " [1.7151786638559167e-16,\n",
       "  1.8836508254898015e-05,\n",
       "  0.04503200016518596,\n",
       "  0.9549491633265589],\n",
       " [0.04100898255122371,\n",
       "  0.9320313211023222,\n",
       "  0.02695800558276884,\n",
       "  1.69076368519436e-06],\n",
       " [1.207183032814938e-14,\n",
       "  0.00012677586969663982,\n",
       "  0.10035261726809233,\n",
       "  0.8995206068621989],\n",
       " [1.6690636784655291e-15,\n",
       "  3.7665611164113024e-05,\n",
       "  0.06223613488725467,\n",
       "  0.9377261995015795],\n",
       " [0.9425686073915113,\n",
       "  0.057164005859518946,\n",
       "  0.0002673867422672443,\n",
       "  6.70244723288167e-12],\n",
       " [1.0982606130796378e-10,\n",
       "  0.0037156383113303017,\n",
       "  0.5448339263032645,\n",
       "  0.45145043527557904],\n",
       " [0.2872783191060682,\n",
       "  0.6802290647906709,\n",
       "  0.03249173038552171,\n",
       "  8.857177391814586e-07],\n",
       " [0.07921067635863902,\n",
       "  0.8105530461996397,\n",
       "  0.11022081143598148,\n",
       "  1.5466005739773004e-05],\n",
       " [0.35418203196064674,\n",
       "  0.6253773672011689,\n",
       "  0.02044050247219326,\n",
       "  9.836599127975143e-08],\n",
       " [2.418177560329932e-07,\n",
       "  0.031020979907586097,\n",
       "  0.7331516208731458,\n",
       "  0.2358271574015121],\n",
       " [0.005007307697770925,\n",
       "  0.7147044749588208,\n",
       "  0.27932770401421575,\n",
       "  0.0009605133291923982],\n",
       " [0.26982756929243956,\n",
       "  0.7219912701031997,\n",
       "  0.008181126610948755,\n",
       "  3.399341201652778e-08],\n",
       " [1.5954562119964607e-16,\n",
       "  1.6030533981336162e-05,\n",
       "  0.018738126521065462,\n",
       "  0.9812458429449531],\n",
       " [3.235597140502069e-08,\n",
       "  0.020068600846914537,\n",
       "  0.742485598634304,\n",
       "  0.23744576816281007],\n",
       " [0.278104944309467,\n",
       "  0.6712006014777783,\n",
       "  0.05069329654019022,\n",
       "  1.157672564393173e-06],\n",
       " [3.399468326271352e-09,\n",
       "  0.015116803027069135,\n",
       "  0.3858149591540037,\n",
       "  0.5990682344194588],\n",
       " [3.332577309868071e-11,\n",
       "  0.0018530337570998,\n",
       "  0.2627794066037785,\n",
       "  0.7353675596057959],\n",
       " [2.859470683282146e-10,\n",
       "  0.016422152974179392,\n",
       "  0.19116448403375733,\n",
       "  0.7924133627061163],\n",
       " [0.2636393607137481,\n",
       "  0.7087798643628084,\n",
       "  0.02758056756557476,\n",
       "  2.0735786875799104e-07],\n",
       " [1.1618143554706087e-08,\n",
       "  0.012780374097902083,\n",
       "  0.6403994561792425,\n",
       "  0.3468201581047118],\n",
       " [1.093563342948369e-12,\n",
       "  0.0005160357194044969,\n",
       "  0.2335415371414351,\n",
       "  0.7659424271380668],\n",
       " [8.382510179815643e-05,\n",
       "  0.3640076541414233,\n",
       "  0.6056014071610004,\n",
       "  0.030307113595777996],\n",
       " [4.512965280499514e-15,\n",
       "  5.20892861642047e-05,\n",
       "  0.04910742596917802,\n",
       "  0.9508404847446533],\n",
